220
220
220.0000000001
220.0000000001
246.9
246.9
207.7
207.7
207.7
220
246.9
246.9
277.1
277.1
277.10000001
277.10000001
293.7
293.7
277.1
277.1
277.1
246.9
220
220
246.9
246.9
220
220
207.7
207.7
220
220
220
220
0
0
329.6
329.6
329.60000001
329.60000001
329.6
329.6
329.60000001
329.60000001
329.60000001
293.7
277.1
277.1
293.7
293.7
293.700000001
293.700000001
293.7
293.7
293.700000001
293.700000001
293.700000001
277.1
246.9
246.9
277.1
277.1
293.7
277.1
246.9
220
277.1
277.1
277.1
293.7
329.6
329.6
370
293.7
277.1
277.1
246.9
246.9
220
220
220
220
220
220